100 
       1.204615
       0.708921
       0.134248
       0.175040
      -0.318022
       0.385362
       1.324292
      -0.125732
       2.019090
      -0.201051
       1.175091
      -2.516115
       1.248970
       3.086818
      -0.243402
       1.054316
      -0.400250
      -0.662248
      -0.413166
      -1.065017
      -1.107066
      -1.460725
      -0.342522
      -0.075446
      -0.640129
      -1.493244
      -1.289672
       0.031449
       0.846672
      -2.504920
       1.001014
       0.682027
      -0.093810
       0.448022
       0.276098
      -1.329466
      -1.281679
       1.061008
       1.135698
       1.050773
       1.771130
      -0.013893
      -1.134071
      -0.167291
      -0.827365
       0.332000
       0.590080
       1.052542
      -0.609463
       0.995108
       0.287180
       1.132254
       1.356453
      -0.291959
       1.600794
      -0.231216
       0.750327
      -1.263521
      -1.015287
      -0.187961
      -0.825415
       0.654037
      -0.385957
      -1.124480
       0.378796
       0.564958
      -0.384484
      -0.638793
      -0.894621
      -0.415822
       1.135766
      -0.465414
      -0.627591
      -0.107692
       1.539082
       0.584733
      -1.077420
       1.079694
       0.567453
       0.955978
       0.227844
      -0.062891
       0.161146
       0.370248
       0.119610
      -0.127867
      -0.781203
      -0.409624
       0.106699
      -1.446301
       0.763588
       0.671357
      -1.089074
       1.165124
       0.279040
      -0.563883
      -1.872060
       0.612578
       0.604256
      -0.113465
