100
9.488216e-03
2.635737e-02
5.988509e-02
1.108951e-01
1.626950e-01
1.909488e-01
1.837313e-01
1.483462e-01
1.014237e-01
6.003440e-02
4.057641e-02
5.281034e-02
8.607225e-02
1.084120e-01
9.153322e-02
3.626323e-02
-3.176818e-02
-8.694548e-02
-1.187187e-01
-1.272624e-01
-1.163037e-01
-9.689897e-02
-8.955655e-02
-1.094617e-01
-1.491613e-01
-1.819719e-01
-1.839764e-01
-1.513577e-01
-9.729385e-02
-3.830742e-02
1.183969e-02
4.135483e-02
4.424384e-02
2.778933e-02
1.256188e-02
2.049085e-02
5.868218e-02
1.123582e-01
1.541584e-01
1.612394e-01
1.264459e-01
6.095172e-02
-9.866049e-03
-5.743985e-02
-6.327878e-02
-2.735445e-02
3.378005e-02
9.873019e-02
1.520353e-01
1.854289e-01
1.941205e-01
1.759498e-01
1.341646e-01
7.769757e-02
1.534287e-02
-4.903080e-02
-1.122716e-01
-1.640335e-01
-1.882416e-01
-1.758791e-01
-1.339277e-01
-7.884492e-02
-2.359992e-02
2.472481e-02
5.678085e-02
6.120969e-02
3.910675e-02
1.038709e-02
-2.734989e-03
4.062964e-03
1.907929e-02
3.322310e-02
4.712786e-02
6.004480e-02
6.520160e-02
6.241718e-02
6.509554e-02
8.544984e-02
1.177977e-01
1.443965e-01
1.536379e-01
1.442359e-01
1.152233e-01
6.347791e-02
-6.199056e-03
-7.676247e-02
-1.295624e-01
-1.557613e-01
-1.558066e-01
-1.334394e-01
-9.506513e-02
-5.155077e-02
-1.447540e-02
9.033620e-03
1.702716e-02
1.294242e-02
5.198845e-03
1.508890e-03
2.483734e-03
2.944638e-03
