100
1.204615e+00
5.649959e-09
9.882076e-09
1.384570e-08
1.745924e-08
2.170882e-08
2.518768e-08
2.601796e-08
2.709970e-08
2.414326e-08
2.158893e-08
1.668441e-08
1.681212e-08
1.444189e-08
5.898024e-09
-2.159037e-09
-1.232473e-08
-2.168992e-08
-2.973062e-08
-3.694498e-08
-4.202932e-08
-4.489951e-08
-4.484826e-08
-4.411197e-08
-4.322478e-08
-4.105734e-08
-3.590340e-08
-2.817013e-08
-2.049975e-08
-1.452271e-08
-3.535838e-09
5.449009e-09
1.306980e-08
2.087822e-08
2.779058e-08
3.415076e-08
4.316986e-08
5.475233e-08
6.421277e-08
7.140182e-08
7.648933e-08
7.803457e-08
7.960760e-08
8.344878e-08
8.762453e-08
9.345502e-08
9.862150e-08
1.026078e-07
1.044891e-07
1.075892e-07
1.086992e-07
1.092348e-07
1.075059e-07
1.030640e-07
9.920613e-08
9.214664e-08
8.554958e-08
7.745186e-08
7.188119e-08
6.834109e-08
6.517691e-08
6.366357e-08
6.084215e-08
5.879264e-08
5.899209e-08
5.843395e-08
5.674590e-08
5.582681e-08
5.618531e-08
5.833305e-08
6.131244e-08
6.202029e-08
6.365897e-08
6.655283e-08
6.966208e-08
6.969316e-08
6.855478e-08
6.957124e-08
6.842831e-08
6.615047e-08
6.196068e-08
5.731520e-08
5.279550e-08
4.795351e-08
4.237102e-08
3.654931e-08
3.098334e-08
2.697977e-08
2.379545e-08
2.039774e-08
1.989262e-08
1.786033e-08
1.448532e-08
1.328847e-08
9.761362e-09
5.676177e-09
2.718758e-09
3.505459e-09
3.067004e-09
1.420037e-09
