100
3.754644e+01
6.502164e+01
8.559265e+01
1.042896e+02
1.218409e+02
1.415127e+02
1.568037e+02
1.623307e+02
1.645172e+02
1.526449e+02
1.377009e+02
1.177868e+02
1.141605e+02
1.007301e+02
6.242491e+01
2.137537e+01
-2.657668e+01
-7.214473e+01
-1.116791e+02
-1.462578e+02
-1.713229e+02
-1.850690e+02
-1.863079e+02
-1.832378e+02
-1.789176e+02
-1.679598e+02
-1.436640e+02
-1.075748e+02
-7.204250e+01
-3.978161e+01
9.154019e+00
5.297989e+01
9.002560e+01
1.269491e+02
1.600675e+02
1.919587e+02
2.352493e+02
2.887245e+02
3.342302e+02
3.687791e+02
3.922143e+02
4.009474e+02
4.092156e+02
4.262927e+02
4.470264e+02
4.735730e+02
4.982496e+02
5.164056e+02
5.270177e+02
5.397705e+02
5.457199e+02
5.470625e+02
5.379465e+02
5.179436e+02
4.966025e+02
4.642840e+02
4.305158e+02
3.931167e+02
3.653519e+02
3.470395e+02
3.321454e+02
3.228477e+02
3.098658e+02
3.002553e+02
2.993734e+02
2.961732e+02
2.884763e+02
2.838007e+02
2.853704e+02
2.951225e+02
3.075262e+02
3.122633e+02
3.197346e+02
3.330506e+02
3.461032e+02
3.466789e+02
3.424920e+02
3.446832e+02
3.395726e+02
3.275280e+02
3.076200e+02
2.848865e+02
2.624351e+02
2.383704e+02
2.112113e+02
1.827696e+02
1.560460e+02
1.359567e+02
1.194777e+02
1.043646e+02
9.928589e+01
8.913674e+01
7.431009e+01
6.566136e+01
4.936240e+01
2.961619e+01
1.647066e+01
1.735205e+01
1.512138e+01
7.372656e+00
